310 91
116 158
248 345
196 86
305 377
309 273
119 165
180 95
143 85
310 304
113 84
178 85
125 186
187 148
182 105
309 213
276 85
244 321
103 115
252 368
217 402
256 184
253 164
308 196
274 385
241 303
310 85
311 345
170 318
249 351
272 183
309 222
224 208
297 177
153 271
245 326
192 382
246 124
292 380
239 87
260 389
253 375
155 278
308 195
311 342
151 265
191 182
249 352
97 95
153 272
172 212
247 127
123 181
215 86
164 302
228 195
108 131
256 182
186 142
308 202
293 85
188 154
262 186
193 193
177 338
245 328
310 284
293 380
233 257
126 84
165 306
166 85
186 137
194 200
150 221
310 279
227 225
301 176
239 292
186 144
189 165
192 188
309 129
276 385
115 155
242 100
184 85
283 383
232 251
163 216
187 206
278 182
157 85
308 167
109 135
291 380
309 138
166 214
243 87
243 394
241 93
136 223
255 387
186 364
244 109
262 388
228 231
212 86
196 392
162 296
299 84
195 391
308 174
309 147
188 369
180 96
310 329
98 98
179 345
309 107
202 407
120 169
143 244
308 181
310 320
168 313
252 156
260 86
106 124
198 398
309 116
310 98
308 188
146 252
309 229
252 155
183 120
245 116
101 106
138 228
251 152
107 127
309 125
310 101
148 256
311 361
223 86
302 84
308 187
309 238
147 255
212 404
310 338
129 198
130 204
256 389
183 113
96 89
208 200
263 388
311 358
278 85
118 163
197 395
309 247
130 84
190 170
216 86
182 352
184 127
310 341
250 189
254 86
251 150
268 387
235 193
199 400
309 261
309 240
190 173
310 300
225 196
172 325
230 87
252 160
252 365
240 301
244 87
233 194
254 168
272 386
311 372
152 269
122 176
309 270
309 249
183 357
178 209
179 88
310 295
185 129
275 182
189 373
246 334
181 102
227 399
232 397
308 159
237 282
255 176
203 406
298 85
279 384
310 318
242 310
225 214
226 220
183 85
150 262
251 189
310 88
243 103
248 346
104 116
309 272
310 305
203 201
257 187
227 223
125 185
187 151
181 104
182 110
99 102
237 193
309 212
152 220
244 322
246 122
103 114
181 351
238 288
227 196
252 369
243 315
284 180
253 163
308 197
311 344
170 319
100 103
249 350
284 382
306 376
255 175
273 385
309 221
224 209
153 270
171 212
245 325
246 125
253 374
193 385
253 188
308 204
169 213
187 367
188 156
191 177
97 94
153 220
247 126
123 180
286 85
164 303
310 282
256 183
186 143
247 337
308 203
258 86
95 88
188 155
173 329
193 192
231 87
310 285
264 388
288 85
165 305
229 239
250 356
309 135
194 201
221 86
166 308
173 211
127 193
310 276
185 363
227 224
200 403
219 401
239 295
189 164
192 189
290 179
181 85
271 386
309 128
115 154
242 101
248 132
241 91
299 176
250 148
232 252
251 364
252 86
308 160
109 134
309 137
206 405
310 375
241 92
255 386
186 365
244 110
175 333
196 393
162 297
246 393
176 85
195 390
158 286
308 175
309 146
188 370
219 198
310 334
306 84
235 269
259 86
137 227
107 128
179 344
235 87
310 104
120 170
308 182
310 321
168 314
204 86
195 86
252 157
236 396
151 85
106 125
198 399
309 115
310 99
221 401
308 189
309 228
257 390
176 210
207 405
199 202
114 149
245 115
138 229
107 126
309 124
148 257
311 360
309 237
129 84
147 254
291 85
184 121
256 390
310 339
96 90
223 201
311 353
122 175
309 246
190 171
182 353
310 298
303 377
134 216
254 380
272 86
309 255
309 260
271 183
310 301
172 326
252 366
240 302
204 201
254 169
311 375
208 86
122 177
267 184
215 198
252 391
255 383
309 248
309 269
183 356
190 85
155 85
126 189
310 292
189 372
245 87
246 335
181 101
190 205
308 152
237 281
289 381
236 87
310 319
242 311
225 213
226 221
243 191
154 219
155 219
179 209
187 145
150 263
310 89
241 307
149 85
243 102
248 347
104 117
224 196
244 324
119 167
251 87
180 89
238 286
257 186
310 310
119 84
191 379
275 385
187 150
182 111
211 86
309 211
261 389
244 323
246 123
181 350
238 289
194 388
252 370
243 314
246 336
230 195
253 162
308 198
292 85
311 347
135 84
249 349
264 185
269 184
255 174
309 220
224 210
253 373
111 139
193 384
268 86
308 205
257 86
187 366
188 157
151 267
191 176
97 93
193 383
233 397
128 84
310 283
186 140
218 86
182 112
170 213
173 328
193 199
274 183
294 178
153 85
215 403
165 304
116 84
156 85
229 238
230 244
250 357
142 224
309 134
234 266
166 309
127 192
310 277
185 362
224 86
227 227
200 404
239 294
224 400
189 163
192 190
249 392
231 247
303 175
290 381
309 143
242 98
248 133
266 185
289 179
241 90
296 85
232 253
162 216
117 84
216 198
143 224
109 133
308 161
309 136
267 387
305 84
244 111
173 85
210 404
196 394
212 199
308 168
309 145
188 371
206 86
310 335
98 96
133 84
235 268
228 232
137 226
310 105
120 171
308 183
310 326
168 315
252 158
241 395
106 122
286 382
309 114
310 96
308 190
201 407
309 227
222 401
160 290
245 114
102 110
138 226
251 154
309 123
148 258
311 363
309 236
154 85
184 122
310 336
130 202
171 321
159 85
183 115
96 91
223 200
211 199
139 233
236 274
254 188
311 352
254 378
309 245
295 379
190 168
247 393
310 299
154 274
176 336
216 402
294 85
134 217
304 175
254 167
199 402
254 381
309 254
309 259
179 85
310 290
252 367
259 186
190 376
139 231
158 218
184 358
311 374
128 195
146 222
255 382
309 268
259 389
201 201
310 293
185 135
135 219
246 332
285 85
181 100
183 207
170 320
308 153
163 300
236 193
237 280
255 178
224 206
189 85
310 316
185 136
242 308
225 212
226 218
118 84
279 181
304 84
270 386
310 94
241 306
243 105
99 99
104 118
261 86
119 166
180 90
237 87
238 287
257 185
310 311
131 205
277 182
191 378
132 84
144 223
182 108
311 349
168 213
197 86
309 210
205 406
246 120
156 218
141 85
270 86
256 187
111 141
276 182
243 317
227 87
267 86
253 161
308 199
311 346
95 84
249 348
309 219
224 211
282 181
302 176
253 372
203 86
247 129
217 86
308 206
188 158
151 266
100 104
191 179
175 85
310 280
181 208
186 141
206 200
193 85
247 339
230 242
173 327
193 198
218 198
166 307
174 211
270 184
310 275
233 262
274 86
277 384
192 184
301 378
229 237
230 245
231 249
250 354
309 133
156 280
178 342
234 267
98 84
185 361
221 197
227 226
210 86
200 405
182 208
189 162
207 200
192 191
231 246
251 361
218 402
309 142
242 99
248 134
156 279
145 85
291 178
250 146
108 84
235 273
174 332
232 254
200 86
109 132
308 162
309 151
148 222
147 85
266 387
110 138
309 111
158 284
251 359
308 169
309 144
167 214
310 332
98 97
235 271
109 84
222 198
228 233
137 225
213 86
179 346
189 205
213 199
308 176
195 203
310 327
129 201
157 283
161 216
252 159
111 84
223 197
106 123
142 85
198 86
309 113
310 97
311 365
141 238
306 175
308 191
146 251
201 406
309 226
160 291
194 85
302 377
183 117
133 214
102 111
236 276
309 122
311 362
225 400
250 392
309 235
184 123
310 337
130 203
134 84
249 142
183 114
96 92
223 203
139 232
236 275
311 355
141 224
254 379
309 244
225 87
117 161
190 169
310 296
154 275
176 337
240 297
139 225
106 84
145 250
146 85
204 406
232 87
309 258
309 253
304 377
288 381
310 291
255 86
190 377
135 221
161 85
184 359
311 369
263 185
124 84
128 196
309 267
115 84
248 190
180 85
310 314
185 134
132 208
176 335
297 379
135 218
246 333
181 99
171 85
248 342
308 154
224 207
119 168
214 403
180 92
310 317
242 309
226 219
280 181
191 380
131 84
187 147
159 217
182 106
310 95
241 305
243 104
125 84
180 91
310 308
264 86
265 185
182 109
310 86
311 348
192 204
229 398
309 209
246 121
214 86
279 85
194 386
180 209
111 140
243 316
155 277
145 223
308 192
95 87
191 181
193 203
105 121
309 218
152 85
249 189
253 371
256 179
228 87
247 341
247 128
308 207
188 159
100 105
191 178
285 382
217 198
262 86
310 281
186 138
247 338
230 243
193 197
240 88
97 84
122 84
162 85
209 86
248 87
233 261
167 85
192 185
229 236
231 248
250 355
309 132
240 192
156 281
178 343
234 264
169 85
127 194
273 183
174 330
189 161
244 394
251 360
308 164
309 141
147 222
242 96
248 135
283 85
285 180
250 147
196 203
235 272
255 390
112 144
187 85
232 255
142 240
308 163
309 150
241 192
310 330
246 87
160 217
234 397
198 202
184 207
175 334
309 110
277 85
158 285
253 86
308 170
310 333
148 85
235 270
112 142
222 199
167 311
244 112
309 119
139 85
308 177
182 85
310 324
129 200
149 261
229 87
157 282
269 86
245 119
180 348
309 112
310 102
311 364
141 237
308 184
309 225
245 393
160 292
205 86
183 116
223 205
133 213
300 176
180 347
236 277
309 121
113 147
311 357
309 234
165 85
238 192
242 191
103 84
177 210
184 124
94 84
171 323
249 141
223 202
232 194
251 149
113 148
311 354
254 376
309 243
117 160
190 174
124 182
310 297
281 85
211 404
240 298
96 84
190 375
284 85
144 245
145 249
185 85
296 379
280 383
309 257
309 252
239 192
226 87
121 174
251 392
179 87
310 288
225 216
252 188
150 264
135 220
246 331
254 172
237 396
184 360
309 84
311 368
233 87
308 156
128 197
273 86
309 266
310 315
185 133
132 209
161 295
184 128
202 86
242 394
181 98
116 156
248 343
308 155
255 188
137 85
232 256
180 93
310 306
213 403
125 188
187 146
107 84
182 107
310 92
241 304
243 107
99 101
172 85
309 215
103 113
202 201
238 285
310 309
131 207
238 396
253 166
310 87
311 351
105 119
309 208
245 190
101 84
194 387
243 319
155 276
192 85
286 180
288 179
308 193
95 86
191 180
105 120
309 217
228 399
123 179
268 184
108 129
256 180
247 340
247 131
308 200
110 84
150 85
188 152
282 85
193 195
234 263
222 86
117 159
245 330
265 388
287 85
310 286
233 259
307 174
186 139
281 181
191 85
230 240
231 194
193 196
104 84
194 202
144 85
240 89
293 178
233 260
234 87
189 167
192 186
229 235
309 131
115 153
234 265
240 395
151 220
227 228
249 87
174 331
239 291
189 160
251 363
308 165
309 140
114 84
242 97
248 136
105 84
287 179
308 84
240 87
241 95
170 85
175 211
250 144
255 385
112 145
298 177
228 229
162 298
307 376
164 215
239 296
188 205
195 389
142 241
308 172
309 149
310 331
123 84
188 85
110 136
309 109
308 171
266 86
159 289
271 86
310 322
247 87
112 143
185 207
167 310
244 113
308 376
309 118
223 400
143 243
308 178
309 231
207 86
310 325
149 260
114 150
186 206
245 118
101 108
138 230
180 349
309 127
310 103
311 367
100 84
140 85
141 236
308 185
309 224
147 253
294 380
191 204
249 139
158 85
183 119
223 204
133 212
102 109
287 382
235 396
236 278
309 120
113 146
311 356
197 397
309 233
226 399
124 184
182 354
184 125
94 85
171 322
136 224
249 140
120 84
160 85
118 164
254 377
309 263
309 242
190 175
250 87
124 183
200 202
310 302
154 273
240 299
144 246
145 248
254 170
122 178
309 256
309 251
121 173
179 86
126 190
310 289
185 131
220 86
169 317
134 215
121 84
140 234
311 371
186 85
281 383
308 157
309 265
237 284
310 312
185 132
132 210
242 312
226 222
177 85
161 294
247 190
140 225
181 97
310 90
116 157
248 344
309 274
275 85
180 94
310 307
239 395
226 217
301 84
125 187
187 149
310 93
243 106
99 100
309 214
292 178
244 320
138 85
238 290
131 206
248 392
261 186
298 379
253 165
310 84
311 350
255 173
309 223
245 327
192 381
253 391
243 318
308 194
311 343
260 186
191 183
174 85
249 353
254 391
309 216
163 85
164 301
157 218
108 130
256 181
247 130
308 201
188 153
193 194
231 398
177 339
149 221
209 405
245 329
310 287
233 258
230 241
250 358
194 203
177 340
230 398
250 143
310 278
282 383
102 84
127 84
239 293
258 187
189 166
192 187
229 234
231 250
309 130
115 152
187 368
178 341
307 84
309 376
305 175
289 85
251 362
142 239
308 166
309 139
248 137
241 94
136 222
299 378
250 145
255 384
244 108
228 230
308 173
309 148
265 86
310 328
241 87
296 177
197 202
167 312
136 84
110 137
165 215
309 108
310 106
209 200
300 84
283 180
308 180
201 86
159 288
220 197
310 323
300 378
222 197
295 177
102 112
309 117
99 84
143 242
308 179
164 85
309 230
278 384
149 259
114 151
245 117
101 107
251 153
309 126
310 100
311 366
210 200
263 86
234 194
308 186
309 239
220 401
129 199
256 388
280 85
246 190
249 138
269 386
183 118
199 86
236 279
238 87
311 359
118 162
303 84
197 396
309 232
159 287
184 126
256 86
310 340
251 151
214 199
199 401
309 262
309 241
190 172
290 85
310 303
172 324
219 86
240 300
295 85
144 247
254 171
311 373
152 268
309 271
309 250
297 85
244 191
121 172
126 191
112 84
185 130
310 294
258 389
226 196
168 85
169 316
189 374
140 235
181 103
311 370
242 87
163 299
308 158
237 283
255 177
183 355
309 264
208 405
310 313
132 211
225 215
242 313
161 293
205 201
229 195
